Running driver for source indices:      1     3     4

23-Feb-2017 08:41:03

etas =

    0.0010    0.0030    0.0060    0.0100    0.0200    0.0400    0.0600    0.0800    0.1000    0.3000    0.6000    1.0000

23-Feb-2017 08:41:03
---------------------------------- Learning rate 0.001000 -------------------------------
23-Feb-2017 08:41:03
----------------------- Trial 1 ------------------------

C =

    0.0263    0.2903    0.9514
    0.5482   -0.8061    0.2462
    0.8359    0.5157   -0.1848

Norm obtained: 4.400501 Permuted norm obtained: 4.089125 CC RMS obtained: 2.253820
23-Feb-2017 08:44:46
----------------------- Trial 2 ------------------------

C =

   -0.0451    0.1782    0.9794
    0.9832   -0.1695    0.0836
    0.1769    0.9693   -0.1836

Norm obtained: 4.366761 Permuted norm obtained: 3.839963 CC RMS obtained: 2.865502
23-Feb-2017 08:48:40
----------------------- Trial 3 ------------------------

C =

    0.0951    0.9354    0.3238
    0.5299   -0.3382    0.7871
    0.8427    0.1034   -0.5249

Norm obtained: 4.395482 Permuted norm obtained: 3.861012 CC RMS obtained: 2.204673
23-Feb-2017 08:52:31
----------------------- Trial 4 ------------------------

C =

    0.2602    0.9211   -0.3018
    0.2097    0.2356    0.9456
    0.9425   -0.3101   -0.1212

Norm obtained: 4.208142 Permuted norm obtained: 3.843551 CC RMS obtained: 2.630887
23-Feb-2017 08:56:48
----------------------- Trial 5 ------------------------

C =

    0.1025   -0.1871    0.9807
    0.9758   -0.1748   -0.1268
    0.1930    0.9667    0.1487

Norm obtained: 4.284979 Permuted norm obtained: 3.827248 CC RMS obtained: 2.848465
Average norm: 4.331173 Average permuted norm: 3.892180 CC RMS: 2.560670
23-Feb-2017 09:00:19
---------------------------------- Learning rate 0.003000 -------------------------------
23-Feb-2017 09:00:19
----------------------- Trial 1 ------------------------

C =

    0.0263    0.2892    0.9518
    0.5478   -0.8066    0.2454
    0.8362    0.5156   -0.1842

Norm obtained: 4.400347 Permuted norm obtained: 4.088862 CC RMS obtained: 2.255542
23-Feb-2017 09:04:24
----------------------- Trial 2 ------------------------

C =

   -0.0450    0.1774    0.9796
    0.9833   -0.1692    0.0832
    0.1766    0.9695   -0.1828

Norm obtained: 4.366590 Permuted norm obtained: 3.839874 CC RMS obtained: 2.866375
23-Feb-2017 09:07:37
----------------------- Trial 3 ------------------------

C =

    0.0948    0.9357    0.3230
    0.5294   -0.3375    0.7877
    0.8430    0.1030   -0.5245

Norm obtained: 4.395332 Permuted norm obtained: 3.860870 CC RMS obtained: 2.206721
23-Feb-2017 09:11:11
----------------------- Trial 4 ------------------------

C =

    0.2600    0.9214   -0.3007
    0.2090    0.2348    0.9460
    0.9427   -0.3096   -0.1209

Norm obtained: 4.208338 Permuted norm obtained: 3.843440 CC RMS obtained: 2.632709
23-Feb-2017 09:14:42
----------------------- Trial 5 ------------------------

C =

    0.1022   -0.1862    0.9809
    0.9759   -0.1746   -0.1263
    0.1926    0.9669    0.1479

Norm obtained: 4.285178 Permuted norm obtained: 3.827221 CC RMS obtained: 2.849454
Average norm: 4.331157 Average permuted norm: 3.892053 CC RMS: 2.562160
23-Feb-2017 09:18:09
---------------------------------- Learning rate 0.006000 -------------------------------
23-Feb-2017 09:18:09
----------------------- Trial 1 ------------------------

C =

    0.0263    0.2877    0.9523
    0.5474   -0.8072    0.2442
    0.8365    0.5154   -0.1832

Norm obtained: 4.400117 Permuted norm obtained: 4.088467 CC RMS obtained: 2.258117
23-Feb-2017 09:21:22
----------------------- Trial 2 ------------------------

C =

   -0.0447    0.1761    0.9799
    0.9834   -0.1688    0.0827
    0.1760    0.9698   -0.1817

Norm obtained: 4.366335 Permuted norm obtained: 3.839740 CC RMS obtained: 2.867673
23-Feb-2017 09:24:54
----------------------- Trial 3 ------------------------

C =

    0.0943    0.9362    0.3218
    0.5288   -0.3363    0.7886
    0.8435    0.1024   -0.5239

Norm obtained: 4.395106 Permuted norm obtained: 3.860656 CC RMS obtained: 2.209797
23-Feb-2017 09:28:12
----------------------- Trial 4 ------------------------

C =

    0.2597    0.9220   -0.2991
    0.2079    0.2335    0.9466
    0.9430   -0.3088   -0.1205

Norm obtained: 4.208631 Permuted norm obtained: 3.843274 CC RMS obtained: 2.635430
23-Feb-2017 09:31:21
----------------------- Trial 5 ------------------------

C =

    0.1018   -0.1849    0.9812
    0.9761   -0.1742   -0.1255
    0.1920    0.9672    0.1468

Norm obtained: 4.285474 Permuted norm obtained: 3.827180 CC RMS obtained: 2.850925
Average norm: 4.331132 Average permuted norm: 3.891864 CC RMS: 2.564388
23-Feb-2017 09:34:29
---------------------------------- Learning rate 0.010000 -------------------------------
23-Feb-2017 09:34:29
----------------------- Trial 1 ------------------------

C =

    0.0264    0.2856    0.9529
    0.5467   -0.8081    0.2425
    0.8369    0.5151   -0.1820

Norm obtained: 4.399809 Permuted norm obtained: 4.087944 CC RMS obtained: 2.261536
23-Feb-2017 09:37:33
----------------------- Trial 2 ------------------------

C =

   -0.0444    0.1744    0.9802
    0.9835   -0.1683    0.0820
    0.1753    0.9702   -0.1802

Norm obtained: 4.365995 Permuted norm obtained: 3.839563 CC RMS obtained: 2.869384
23-Feb-2017 09:40:42
----------------------- Trial 3 ------------------------

C =

    0.0937    0.9368    0.3202
    0.5280   -0.3347    0.7898
    0.8441    0.1016   -0.5231

Norm obtained: 4.394804 Permuted norm obtained: 3.860371 CC RMS obtained: 2.213907
23-Feb-2017 09:43:48
----------------------- Trial 4 ------------------------

C =

    0.2594    0.9228   -0.2970
    0.2065    0.2318    0.9473
    0.9434   -0.3078   -0.1199

Norm obtained: 4.209021 Permuted norm obtained: 3.843055 CC RMS obtained: 2.639034
23-Feb-2017 09:46:49
----------------------- Trial 5 ------------------------

C =

    0.1012   -0.1832    0.9815
    0.9763   -0.1737   -0.1245
    0.1912    0.9676    0.1453

Norm obtained: 4.285866 Permuted norm obtained: 3.827128 CC RMS obtained: 2.852864
Average norm: 4.331099 Average permuted norm: 3.891612 CC RMS: 2.567345
23-Feb-2017 09:50:02
---------------------------------- Learning rate 0.020000 -------------------------------
23-Feb-2017 09:50:02
----------------------- Trial 1 ------------------------

C =

    0.0266    0.2804    0.9545
    0.5451   -0.8104    0.2385
    0.8380    0.5145   -0.1788

Norm obtained: 4.399040 Permuted norm obtained: 4.086648 CC RMS obtained: 2.270014
23-Feb-2017 09:53:09
----------------------- Trial 2 ------------------------

C =

   -0.0436    0.1704    0.9810
    0.9839   -0.1669    0.0802
    0.1734    0.9712   -0.1764

Norm obtained: 4.365152 Permuted norm obtained: 3.839132 CC RMS obtained: 2.873577
23-Feb-2017 09:56:22
----------------------- Trial 3 ------------------------

C =

    0.0922    0.9384    0.3161
    0.5258   -0.3309    0.7929
    0.8456    0.0997   -0.5210

Norm obtained: 4.394040 Permuted norm obtained: 3.859661 CC RMS obtained: 2.224218
23-Feb-2017 09:59:33
----------------------- Trial 4 ------------------------

C =

    0.2584    0.9247   -0.2917
    0.2030    0.2276    0.9492
    0.9445   -0.3053   -0.1184

Norm obtained: 4.209987 Permuted norm obtained: 3.842517 CC RMS obtained: 2.647925
23-Feb-2017 10:02:44
----------------------- Trial 5 ------------------------

C =

    0.0996   -0.1789    0.9824
    0.9769   -0.1725   -0.1220
    0.1891    0.9686    0.1416

Norm obtained: 4.286829 Permuted norm obtained: 3.827001 CC RMS obtained: 2.857601
Average norm: 4.331010 Average permuted norm: 3.890992 CC RMS: 2.574667
23-Feb-2017 10:06:02
---------------------------------- Learning rate 0.040000 -------------------------------
23-Feb-2017 10:06:02
----------------------- Trial 1 ------------------------

